# Sample SUEWS meteorological forcing data
# This is a minimal example showing the expected format
# Replace with actual meteorological data for your study site
#
# Format: Space-separated values
# Missing data: Use -999
# Units: See SUEWS documentation for variable-specific units
#
# Column definitions:
# Year DOY Hour Min Ta(C) RH(%) Pres(hPa) Rain(mm) Kdn(W/m2) Snow(mm) Ldown(W/m2) fcld(-) Wuh(-) xsmd(-) lai(-) Kdiff(-) Kdir(-) Wd(deg) Ws(m/s)
# 
# Minimal required columns for basic SUEWS run:
# Year DOY Hour Min Ta RH Pres Rain Kdn Ldown Ws
2023 1 0 0 2.5 85.2 1013.2 0.0 0.0 0.0 315.8 -999 -999 -999 -999 -999 -999 210.0 3.2
2023 1 0 5 2.3 86.1 1013.1 0.0 0.0 0.0 314.2 -999 -999 -999 -999 -999 -999 215.0 3.1
2023 1 0 10 2.1 87.0 1013.0 0.0 0.0 0.0 312.6 -999 -999 -999 -999 -999 -999 220.0 3.0
2023 1 0 15 1.9 87.8 1012.9 0.0 0.0 0.0 311.0 -999 -999 -999 -999 -999 -999 225.0 2.9
2023 1 0 20 1.7 88.5 1012.8 0.0 0.0 0.0 309.4 -999 -999 -999 -999 -999 -999 230.0 2.8
2023 1 0 25 1.5 89.1 1012.7 0.0 0.0 0.0 307.8 -999 -999 -999 -999 -999 -999 235.0 2.7
2023 1 0 30 1.3 89.6 1012.6 0.0 0.0 0.0 306.2 -999 -999 -999 -999 -999 -999 240.0 2.6
2023 1 0 35 1.1 90.0 1012.5 0.0 0.0 0.0 304.6 -999 -999 -999 -999 -999 -999 245.0 2.5
2023 1 0 40 0.9 90.3 1012.4 0.0 0.0 0.0 303.0 -999 -999 -999 -999 -999 -999 250.0 2.4
2023 1 0 45 0.7 90.5 1012.3 0.0 0.0 0.0 301.4 -999 -999 -999 -999 -999 -999 255.0 2.3
2023 1 0 50 0.5 90.6 1012.2 0.0 0.0 0.0 299.8 -999 -999 -999 -999 -999 -999 260.0 2.2
2023 1 0 55 0.3 90.6 1012.1 0.0 0.0 0.0 298.2 -999 -999 -999 -999 -999 -999 265.0 2.1
2023 1 1 0 0.1 90.5 1012.0 0.0 0.0 0.0 296.6 -999 -999 -999 -999 -999 -999 270.0 2.0
2023 1 1 5 -0.1 90.3 1011.9 0.0 0.0 0.0 295.0 -999 -999 -999 -999 -999 -999 275.0 1.9
2023 1 1 10 -0.3 90.0 1011.8 0.0 0.0 0.0 293.4 -999 -999 -999 -999 -999 -999 280.0 1.8